x: [2.11527,2.29689,0.0746789,0.0746786]
y: [1.19563,-1.24894,-1.12256,1.1688]
z: [0.999989,0.9999,0.0288494,0.0288494]
w: [0.00467049,0.0141214,-0.999584,-0.999584]
dx: [3.10968,2.41139,0.201408,-0.348697]
dy: [-0.0257468,0.0307139,0.0361775,0.0479933]
dz: [0.705299,0.71282,0.707278,-0.701776]
dw: [0.70891,-0.701347,-0.706935,-0.712398]
