x: [0.260461,0.336873,2.26925,2.34117]
y: [1.21415,-1.10299,1.12688,-1.2582]
z: [0.00139788,-0.00143585,0.999959,0.999995]
w: [0.999999,0.999999,0.00904793,0.00322938]
dx: [0,-0.0167573,2.75707,2.94103]
dy: [0,0.00469077,0.027216,0.0042237]
dz: [0.704809,-0.701932,0.701977,0.719257]
dw: [0.709397,0.712244,0.7122,-0.694744]
