x: [0.198027]
y: [-1.10977]
z: [-0.299342]
w: [0.954146]
dx: [1.26829]
dy: [-2.81025]
dz: [0.843607]
dw: [0.536962]
