x: [4.5599,4.6766,4.92256]
y: [0.561159,1.41463,3.38276]
z: [0.391883,0.397583,-0.45221]
w: [0.920015,0.917566,0.891912]
dx: [4.11466,4.00155,3.86507]
dy: [-2.18799,-4.14046,-5.62591]
dz: [-0.547488,-0.403745,-0.187786]
dw: [0.836814,0.914872,0.98221]
