x: [2.11609,2.11609]
y: [1.13155,-1.18145]
z: [0.999741,0.999741]
w: [0.022767,0.022767]
dx: [2.80732,3.10492]
dy: [0,-0.662086]
dz: [0.698932,0.948128]
dw: [0.715189,-0.317889]
