x: [4.5599,4.6766,4.92256,4.9492]
y: [0.561159,1.41463,3.38328,5.01515]
z: [0.391883,0.397583,-0.45221,0.237863]
w: [0.920015,0.917566,0.891912,0.971299]
dx: [4.21159,4.00155,3.86507,3.85922]
dy: [-2.50054,-4.14046,-5.62591,-7.53631]
dz: [-0.547488,-0.403745,-0.187786,-0.96553]
dw: [0.836814,0.914872,0.98221,0.260294]
