x: [2.39853,2.39494,0.0201101,-0.0432565]
y: [1.21387,-1.22174,1.21087,-1.20013]
z: [0.999974,1,-0.00790173,-0.0131764]
w: [0.00726262,0.000188202,0.999969,0.999914]
dx: [2.85297,2.85451,0.0201103,0.0201103]
dy: [-0.0682678,-0.0442959,0.00390679,0.0164459]
dz: [0.702413,0.710218,0.695593,-0.716436]
dw: [0.71177,-0.703982,0.718437,0.697654]
