x: [2.66187,0.133125]
y: [0.632812,-0.975452]
z: [-0.506907,-0.506907]
w: [0.862001,0.862001]
dx: [2.66187,0.133124]
dy: [-0.86116,1.10925]
dz: [-0.506907,-0.506907]
dw: [0.862001,0.862001]
